% Oppgave 3.1
a=[1 -9 7 5 -7];
b=[pi -14 exp(1) 7/3];
c=1:2:99
d=124:(-4):0
