% Oppgave 6.3
A=[2,-3,1;4,1,-5;1,2,-1];
B=[-1,3,2;4,5,1;0,2,-1];
[A;B]
