% Oppgave 6.1
A=[2,-3,1;4,1,-5;1,2,-1];
B=[-1,3,2;4,5,1;0,2,-1];
C=[A,B]
C(2,4)
C(:,[2 3])
C([1 3],3:5)


