% Oppgave 7.2
A=[1 3 4 6;-1 1 3 -5;2 -3 1 6;2 3 -2 1];
b=[3;5;-2;0];
A\b


