% Oppgave 9.3 c)
A=[0 1.5 1.4;0.4 0 0;0 0.7 0];
b=[300;0;0];
B=A^99;
B*b

